2.314585e+01
2.361539e+01
2.406106e+01
2.448189e+01
2.487707e+01
2.524600e+01
2.558821e+01
2.590334e+01
2.619114e+01
2.645140e+01
2.668400e+01
2.326835e+01
2.374000e+01
2.418761e+01
2.461020e+01
2.500698e+01
2.537736e+01
2.572087e+01
2.603717e+01
2.632600e+01
2.658719e+01
2.682060e+01
2.335331e+01
2.382649e+01
2.427548e+01
2.469933e+01
2.509726e+01
2.546867e+01
2.581312e+01
2.613025e+01
2.641984e+01
2.668168e+01
2.691566e+01
2.514322e+01
2.551520e+01
2.586015e+01
2.514065e+01
2.551265e+01
2.585763e+01
2.508590e+01
2.545735e+01
2.580183e+01
2.497600e+01
2.534631e+01
2.568977e+01
6.424610e-02
1.566034e-01
2.475950e-01
3.366014e-01
4.230161e-01
5.062497e-01
5.857342e-01
6.609268e-01
7.313135e-01
7.964129e-01
8.557794e-01
1.280032e-01
3.145889e-01
4.984140e-01
6.782272e-01
8.528038e-01
1.020954e+00
1.181530e+00
1.333436e+00
1.475634e+00
1.607152e+00
1.727090e+00
1.905176e-01
4.723192e-01
7.499456e-01
1.021508e+00
1.285158e+00
1.539099e+00
1.781599e+00
2.011003e+00
2.225746e+00
2.424360e+00
2.605486e+00
1.715175e+00
2.054861e+00
2.379239e+00
2.137428e+00
2.561792e+00
2.967024e+00
2.546155e+00
3.053036e+00
3.537057e+00
2.935463e+00
3.521582e+00
4.081256e+00
5.561976e-01
6.152387e-01
6.747696e-01
7.341760e-01
7.928555e-01
8.502232e-01
9.057169e-01
9.588011e-01
1.008971e+00
1.055756e+00
1.098723e+00
6.305757e-01
7.686149e-01
9.060300e-01
1.041668e+00
1.174400e+00
1.303129e+00
1.426798e+00
1.544402e+00
1.654987e+00
1.757667e+00
1.851620e+00
7.024433e-01
9.203719e-01
1.136541e+00
1.349255e+00
1.556853e+00
1.757721e+00
1.950305e+00
2.133122e+00
2.304772e+00
2.463943e+00
2.609425e+00
1.936053e+00
2.209060e+00
2.470553e+00
2.307394e+00
2.651673e+00
2.981245e+00
2.665976e+00
3.079739e+00
3.475675e+00
3.006785e+00
3.487295e+00
3.946976e+00
0.000000e+00
0.000000e+00
0.000000e+00
0.000000e+00
0.000000e+00
0.000000e+00
0.000000e+00
0.000000e+00
0.000000e+00
0.000000e+00
0.000000e+00
0.000000e+00
0.000000e+00
0.000000e+00
0.000000e+00
0.000000e+00
0.000000e+00
0.000000e+00
0.000000e+00
0.000000e+00
0.000000e+00
0.000000e+00
0.000000e+00
0.000000e+00
0.000000e+00
0.000000e+00
0.000000e+00
0.000000e+00
0.000000e+00
0.000000e+00
0.000000e+00
0.000000e+00
0.000000e+00
0.000000e+00
0.000000e+00
0.000000e+00
0.000000e+00
0.000000e+00
0.000000e+00
0.000000e+00
0.000000e+00
0.000000e+00
0.000000e+00
0.000000e+00
0.000000e+00
0.000000e+00
0.000000e+00
0.000000e+00
0.000000e+00
0.000000e+00
0.000000e+00
0.000000e+00
0.000000e+00
0.000000e+00
0.000000e+00
0.000000e+00
0.000000e+00
0.000000e+00
0.000000e+00
0.000000e+00
0.000000e+00
0.000000e+00
0.000000e+00
0.000000e+00
0.000000e+00
0.000000e+00
0.000000e+00
0.000000e+00
0.000000e+00
0.000000e+00
0.000000e+00
0.000000e+00
0.000000e+00
0.000000e+00
0.000000e+00
0.000000e+00
0.000000e+00
0.000000e+00
0.000000e+00
0.000000e+00
2.250111e+01
2.299042e+01
2.345736e+01
2.390066e+01
2.431931e+01
2.471252e+01
2.507967e+01
2.542027e+01
2.573397e+01
2.602048e+01
2.627962e+01
2.651123e+01
2.671521e+01
2.265370e+01
2.277389e+01
2.285721e+01
2.289941e+01
2.474468e+01
2.474208e+01
2.468792e+01
2.457929e+01
2.441402e+01
2.688884e+01
2.702613e+01
2.712170e+01
2.717052e+01
2.617774e+01
2.617524e+01
2.611901e+01
2.600601e+01
2.583408e+01
2.480879e+01
2.517736e+01
2.551924e+01
2.339642e+01
2.387040e+01
2.432015e+01
2.646772e+01
2.672992e+01
2.696421e+01
