0 0 | 0 0
1 0 | 62 10
0 0 | 52 0

0 1 | 1 1
1 1 | 63 11
0 1 | 53 1

0 2 | 2 2
1 2 | 64 12
0 2 | 54 2

0 3 | 3 3
1 3 | 65 13
0 3 | 55 3

0 4 | 4 4
1 4 | 66 14
0 4 | 56 4

0 5 | 5 5
1 5 | 67 15
0 5 | 57 5

0 6 | 6 6
1 6 | 68 16
0 6 | 58 6

0 7 | 7 7
1 7 | 69 17
0 7 | 59 7

0 8 | 8 8
1 8 | 70 18
0 8 | 60 8

0 9 | 9 9
1 9 | 71 19
0 9 | 61 9

1 0 | 10 10
1 1 | 115 11
1 0 | 114 10

1 1 | 11 11
1 0 | 10 10
0 1 | 1 1
2 1 | 21 21
1 2 | 12 12
2 1 | 73 21
0 1 | 53 1
1 2 | 116 12
1 0 | 114 10

1 2 | 12 12
1 1 | 11 11
0 2 | 2 2
2 2 | 22 22
1 3 | 13 13
2 2 | 74 22
0 2 | 54 2
1 3 | 117 13
1 1 | 115 11

1 3 | 13 13
1 2 | 12 12
0 3 | 3 3
2 3 | 23 23
1 4 | 14 14
2 3 | 75 23
0 3 | 55 3
1 4 | 118 14
1 2 | 116 12

1 4 | 14 14
1 3 | 13 13
0 4 | 4 4
2 4 | 24 24
1 5 | 15 15
2 4 | 76 24
0 4 | 56 4
1 5 | 119 15
1 3 | 117 13

1 5 | 15 15
1 4 | 14 14
0 5 | 5 5
2 5 | 25 25
1 6 | 16 16
2 5 | 77 25
0 5 | 57 5
1 6 | 120 16
1 4 | 118 14

1 6 | 16 16
1 5 | 15 15
0 6 | 6 6
2 6 | 26 26
1 7 | 17 17
2 6 | 78 26
0 6 | 58 6
1 7 | 121 17
1 5 | 119 15

1 7 | 17 17
1 6 | 16 16
0 7 | 7 7
2 7 | 27 27
1 8 | 18 18
2 7 | 79 27
0 7 | 59 7
1 8 | 122 18
1 6 | 120 16

1 8 | 18 18
1 7 | 17 17
0 8 | 8 8
2 8 | 28 28
1 9 | 19 19
2 8 | 80 28
0 8 | 60 8
1 9 | 123 19
1 7 | 121 17

1 9 | 19 19
1 9 | 123 19
1 8 | 122 18

2 0 | 20 20
2 1 | 125 21
2 0 | 124 20

2 1 | 21 21
2 0 | 20 20
1 1 | 11 11
3 1 | 31 31
2 2 | 22 22
3 1 | 83 31
1 1 | 63 11
2 2 | 126 22
2 0 | 124 20

2 2 | 22 22
2 1 | 21 21
1 2 | 12 12
3 2 | 32 32
2 3 | 23 23
3 2 | 84 32
1 2 | 64 12
2 3 | 127 23
2 1 | 125 21

2 3 | 23 23
2 2 | 22 22
1 3 | 13 13
3 3 | 33 33
2 4 | 24 24
3 3 | 85 33
1 3 | 65 13
2 4 | 128 24
2 2 | 126 22

2 4 | 24 24
2 3 | 23 23
1 4 | 14 14
3 4 | 34 34
2 5 | 25 25
3 4 | 86 34
1 4 | 66 14
2 5 | 129 25
2 3 | 127 23

2 5 | 25 25
2 4 | 24 24
1 5 | 15 15
3 5 | 35 35
2 6 | 26 26
3 5 | 87 35
1 5 | 67 15
2 6 | 130 26
2 4 | 128 24

2 6 | 26 26
2 5 | 25 25
1 6 | 16 16
3 6 | 36 36
2 7 | 27 27
3 6 | 88 36
1 6 | 68 16
2 7 | 131 27
2 5 | 129 25

2 7 | 27 27
2 6 | 26 26
1 7 | 17 17
3 7 | 37 37
2 8 | 28 28
3 7 | 89 37
1 7 | 69 17
2 8 | 132 28
2 6 | 130 26

2 8 | 28 28
2 7 | 27 27
1 8 | 18 18
3 8 | 38 38
2 9 | 29 29
3 8 | 90 38
1 8 | 70 18
2 9 | 133 29
2 7 | 131 27

2 9 | 29 29
2 9 | 133 29
2 8 | 132 28

3 0 | 30 30
3 1 | 135 31
3 0 | 134 30

3 1 | 31 31
3 1 | 83 31
2 1 | 73 21

3 2 | 32 32
3 2 | 84 32
2 2 | 74 22

3 3 | 33 33
3 3 | 85 33
2 3 | 75 23

3 4 | 34 34
3 3 | 33 33
2 4 | 24 24
4 4 | 41 41
3 5 | 35 35
4 4 | 93 41
2 4 | 76 24
3 5 | 139 35
3 3 | 137 33

3 5 | 35 35
3 4 | 34 34
2 5 | 25 25
4 5 | 42 42
3 6 | 36 36
4 5 | 94 42
2 5 | 77 25
3 6 | 140 36
3 4 | 138 34

3 6 | 36 36
3 6 | 88 36
2 6 | 78 26

3 7 | 37 37
3 7 | 89 37
2 7 | 79 27

3 8 | 38 38
3 8 | 90 38
2 8 | 80 28

3 9 | 39 39
3 9 | 143 39
3 8 | 142 38

4 3 | 40 40
4 4 | 145 41
4 3 | 144 40

4 4 | 41 41
4 3 | 40 40
3 4 | 34 34
5 4 | 45 45
4 5 | 42 42
5 4 | 97 45
3 4 | 86 34
4 5 | 146 42
4 3 | 144 40

4 5 | 42 42
4 4 | 41 41
3 5 | 35 35
5 5 | 46 46
4 6 | 43 43
5 5 | 98 46
3 5 | 87 35
4 6 | 147 43
4 4 | 145 41

4 6 | 43 43
4 6 | 147 43
4 5 | 146 42

5 3 | 44 44
5 4 | 149 45
5 3 | 148 44

5 4 | 45 45
5 3 | 44 44
4 4 | 41 41
6 4 | 49 49
5 5 | 46 46
6 4 | 101 49
4 4 | 93 41
5 5 | 150 46
5 3 | 148 44

5 5 | 46 46
5 4 | 45 45
4 5 | 42 42
6 5 | 50 50
5 6 | 47 47
6 5 | 102 50
4 5 | 94 42
5 6 | 151 47
5 4 | 149 45

5 6 | 47 47
5 6 | 151 47
5 5 | 150 46

6 3 | 48 48
6 4 | 153 49
6 3 | 152 48

6 4 | 49 49
6 4 | 101 49
5 4 | 97 45

6 5 | 50 50
6 5 | 102 50
5 5 | 98 46

6 6 | 51 51
6 6 | 155 51
6 5 | 154 50

0 0 | 52 0

0 1 | 53 1

0 2 | 54 2

0 3 | 55 3

0 4 | 56 4

0 5 | 57 5

0 6 | 58 6

0 7 | 59 7

0 8 | 60 8

0 9 | 61 9

1 0 | 62 10

1 1 | 63 11
1 0 | 62 10
0 1 | 53 1
2 1 | 73 21
1 2 | 64 12
2 1 | 21 21
0 1 | 1 1

1 2 | 64 12
1 1 | 63 11
0 2 | 54 2
2 2 | 74 22
1 3 | 65 13
2 2 | 22 22
0 2 | 2 2

1 3 | 65 13
1 2 | 64 12
0 3 | 55 3
2 3 | 75 23
1 4 | 66 14
2 3 | 23 23
0 3 | 3 3

1 4 | 66 14
1 3 | 65 13
0 4 | 56 4
2 4 | 76 24
1 5 | 67 15
2 4 | 24 24
0 4 | 4 4

1 5 | 67 15
1 4 | 66 14
0 5 | 57 5
2 5 | 77 25
1 6 | 68 16
2 5 | 25 25
0 5 | 5 5

1 6 | 68 16
1 5 | 67 15
0 6 | 58 6
2 6 | 78 26
1 7 | 69 17
2 6 | 26 26
0 6 | 6 6

1 7 | 69 17
1 6 | 68 16
0 7 | 59 7
2 7 | 79 27
1 8 | 70 18
2 7 | 27 27
0 7 | 7 7

1 8 | 70 18
1 7 | 69 17
0 8 | 60 8
2 8 | 80 28
1 9 | 71 19
2 8 | 28 28
0 8 | 8 8

1 9 | 71 19

2 0 | 72 20

2 1 | 73 21
2 0 | 72 20
1 1 | 63 11
3 1 | 83 31
2 2 | 74 22
3 1 | 31 31
1 1 | 11 11

2 2 | 74 22
2 1 | 73 21
1 2 | 64 12
3 2 | 84 32
2 3 | 75 23
3 2 | 32 32
1 2 | 12 12

2 3 | 75 23
2 2 | 74 22
1 3 | 65 13
3 3 | 85 33
2 4 | 76 24
3 3 | 33 33
1 3 | 13 13

2 4 | 76 24
2 3 | 75 23
1 4 | 66 14
3 4 | 86 34
2 5 | 77 25
3 4 | 34 34
1 4 | 14 14

2 5 | 77 25
2 4 | 76 24
1 5 | 67 15
3 5 | 87 35
2 6 | 78 26
3 5 | 35 35
1 5 | 15 15

2 6 | 78 26
2 5 | 77 25
1 6 | 68 16
3 6 | 88 36
2 7 | 79 27
3 6 | 36 36
1 6 | 16 16

2 7 | 79 27
2 6 | 78 26
1 7 | 69 17
3 7 | 89 37
2 8 | 80 28
3 7 | 37 37
1 7 | 17 17

2 8 | 80 28
2 7 | 79 27
1 8 | 70 18
3 8 | 90 38
2 9 | 81 29
3 8 | 38 38
1 8 | 18 18

2 9 | 81 29

3 0 | 82 30

3 1 | 83 31

3 2 | 84 32

3 3 | 85 33

3 4 | 86 34
3 3 | 85 33
2 4 | 76 24
4 4 | 93 41
3 5 | 87 35
4 4 | 41 41
2 4 | 24 24

3 5 | 87 35
3 4 | 86 34
2 5 | 77 25
4 5 | 94 42
3 6 | 88 36
4 5 | 42 42
2 5 | 25 25

3 6 | 88 36

3 7 | 89 37

3 8 | 90 38

3 9 | 91 39

4 3 | 92 40

4 4 | 93 41
4 3 | 92 40
3 4 | 86 34
5 4 | 97 45
4 5 | 94 42
5 4 | 45 45
3 4 | 34 34

4 5 | 94 42
4 4 | 93 41
3 5 | 87 35
5 5 | 98 46
4 6 | 95 43
5 5 | 46 46
3 5 | 35 35

4 6 | 95 43

5 3 | 96 44

5 4 | 97 45
5 3 | 96 44
4 4 | 93 41
6 4 | 101 49
5 5 | 98 46
6 4 | 49 49
4 4 | 41 41

5 5 | 98 46
5 4 | 97 45
4 5 | 94 42
6 5 | 102 50
5 6 | 99 47
6 5 | 50 50
4 5 | 42 42

5 6 | 99 47

6 3 | 100 48

6 4 | 101 49

6 5 | 102 50

6 6 | 103 51

0 0 | 104 0

0 1 | 105 1

0 2 | 106 2

0 3 | 107 3

0 4 | 108 4

0 5 | 109 5

0 6 | 110 6

0 7 | 111 7

0 8 | 112 8

0 9 | 113 9

1 0 | 114 10

1 1 | 115 11
1 0 | 114 10
0 1 | 105 1
2 1 | 125 21
1 2 | 116 12
1 2 | 12 12
1 0 | 10 10

1 2 | 116 12
1 1 | 115 11
0 2 | 106 2
2 2 | 126 22
1 3 | 117 13
1 3 | 13 13
1 1 | 11 11

1 3 | 117 13
1 2 | 116 12
0 3 | 107 3
2 3 | 127 23
1 4 | 118 14
1 4 | 14 14
1 2 | 12 12

1 4 | 118 14
1 3 | 117 13
0 4 | 108 4
2 4 | 128 24
1 5 | 119 15
1 5 | 15 15
1 3 | 13 13

1 5 | 119 15
1 4 | 118 14
0 5 | 109 5
2 5 | 129 25
1 6 | 120 16
1 6 | 16 16
1 4 | 14 14

1 6 | 120 16
1 5 | 119 15
0 6 | 110 6
2 6 | 130 26
1 7 | 121 17
1 7 | 17 17
1 5 | 15 15

1 7 | 121 17
1 6 | 120 16
0 7 | 111 7
2 7 | 131 27
1 8 | 122 18
1 8 | 18 18
1 6 | 16 16

1 8 | 122 18
1 7 | 121 17
0 8 | 112 8
2 8 | 132 28
1 9 | 123 19
1 9 | 19 19
1 7 | 17 17

1 9 | 123 19

2 0 | 124 20

2 1 | 125 21
2 0 | 124 20
1 1 | 115 11
3 1 | 135 31
2 2 | 126 22
2 2 | 22 22
2 0 | 20 20

2 2 | 126 22
2 1 | 125 21
1 2 | 116 12
3 2 | 136 32
2 3 | 127 23
2 3 | 23 23
2 1 | 21 21

2 3 | 127 23
2 2 | 126 22
1 3 | 117 13
3 3 | 137 33
2 4 | 128 24
2 4 | 24 24
2 2 | 22 22

2 4 | 128 24
2 3 | 127 23
1 4 | 118 14
3 4 | 138 34
2 5 | 129 25
2 5 | 25 25
2 3 | 23 23

2 5 | 129 25
2 4 | 128 24
1 5 | 119 15
3 5 | 139 35
2 6 | 130 26
2 6 | 26 26
2 4 | 24 24

2 6 | 130 26
2 5 | 129 25
1 6 | 120 16
3 6 | 140 36
2 7 | 131 27
2 7 | 27 27
2 5 | 25 25

2 7 | 131 27
2 6 | 130 26
1 7 | 121 17
3 7 | 141 37
2 8 | 132 28
2 8 | 28 28
2 6 | 26 26

2 8 | 132 28
2 7 | 131 27
1 8 | 122 18
3 8 | 142 38
2 9 | 133 29
2 9 | 29 29
2 7 | 27 27

2 9 | 133 29

3 0 | 134 30

3 1 | 135 31

3 2 | 136 32

3 3 | 137 33

3 4 | 138 34
3 3 | 137 33
2 4 | 128 24
4 4 | 145 41
3 5 | 139 35
3 5 | 35 35
3 3 | 33 33

3 5 | 139 35
3 4 | 138 34
2 5 | 129 25
4 5 | 146 42
3 6 | 140 36
3 6 | 36 36
3 4 | 34 34

3 6 | 140 36

3 7 | 141 37

3 8 | 142 38

3 9 | 143 39

4 3 | 144 40

4 4 | 145 41
4 3 | 144 40
3 4 | 138 34
5 4 | 149 45
4 5 | 146 42
4 5 | 42 42
4 3 | 40 40

4 5 | 146 42
4 4 | 145 41
3 5 | 139 35
5 5 | 150 46
4 6 | 147 43
4 6 | 43 43
4 4 | 41 41

4 6 | 147 43

5 3 | 148 44

5 4 | 149 45
5 3 | 148 44
4 4 | 145 41
6 4 | 153 49
5 5 | 150 46
5 5 | 46 46
5 3 | 44 44

5 5 | 150 46
5 4 | 149 45
4 5 | 146 42
6 5 | 154 50
5 6 | 151 47
5 6 | 47 47
5 4 | 45 45

5 6 | 151 47

6 3 | 152 48

6 4 | 153 49

6 5 | 154 50

6 6 | 155 51

